1.210974640401766722e+00
1.237232115423458234e+00
1.261951127762874325e+00
1.285100051836591151e+00
1.306649270837131560e+00
1.326571214624804984e+00
1.344840395001030586e+00
1.361433438318021105e+00
1.376329115383101431e+00
1.389508368619407408e+00
1.400954336448208659e+00
1.410652374861667946e+00
1.418590076158429580e+00
1.424757284818075398e+00
1.429146110494126543e+00
1.431750938108979909e+00
1.432568435037856913e+00
1.431597555372572605e+00
1.428839541259675272e+00
1.424297921311239445e+00
1.417978506090348256e+00
1.409889380677041615e+00
1.400040894324236840e+00
1.388445647216863810e+00
1.375118474351146869e+00
1.360076426554662321e+00
1.343338748671457195e+00
1.324926854940131848e+00
1.304864301596397214e+00
1.283176756735149526e+00
1.259891967470627483e+00
1.235039724436668651e+00
1.208651823672472148e+00
1.180762025942649895e+00
1.151406013543591511e+00
1.120621344651424600e+00
1.088447405269961088e+00
1.054925358840118399e+00
1.020098093575283249e+00
9.840101675899922684e-01
9.467077518921399593e-01
9.082385713116398751e-01
8.686518434411304446e-01
8.279982156668225235e-01
7.863297003700782106e-01
7.436996083825997417e-01
7.001624807803813466e-01
6.557740191036837141e-01
6.105910140923043183e-01
5.646712730273235614e-01
5.180735457722835946e-01
4.708574496084286243e-01
4.230833929601579002e-01
3.748124981083024165e-01
3.261065229900768081e-01
2.770277821857806688e-01
2.276390671933240795e-01
1.780035660925844976e-01
1.281847827023754050e-01
7.824645533345762904e-02
2.825247524153980463e-02
-2.173319511539579044e-02
-7.164660391087022961e-02
-1.214238917700767584e-01
-1.710013734717696632e-01
-2.203156194273400703e-01
-2.693035368328345891e-01
-3.179024503900896859e-01
-3.660501824937095194e-01
-4.136851327812928747e-01
-4.607463569451322738e-01
-5.071736447045586127e-01
-5.529075968391654605e-01
-5.978897011843613551e-01
-6.420624074920205926e-01
-6.853692010604546248e-01
-7.277546750395027519e-01
-7.691646013182313890e-01
-8.095459999045560018e-01
-8.488472067080081729e-01
-8.870179396389414883e-01
-9.240093629395969010e-01
-9.597741496647265169e-01
-9.942665422318391899e-01
-1.027442410963598007e+00
-1.059259310547471467e+00
-1.089676534340399572e+00
-1.118655166449004312e+00
-1.146158131518710821e+00
-1.172150242168069401e+00
-1.196598244007607947e+00
-1.219470858185602413e+00
-1.240738821406341508e+00
-1.260374923369676825e+00
-1.278354041583971812e+00
-1.294653173507896771e+00
-1.309251465979953455e+00
-1.322130241898076042e+00
-1.333273024115175565e+00
-1.342665556520056258e+00
-1.350295822276726954e+00
-1.356154059198781514e+00
-1.360232772239170940e+00
-1.362526743079389702e+00
-1.363033036805810116e+00
-1.361751005664619818e+00
-1.358682289890560169e+00
-1.353830815608404015e+00
-1.347202789809860857e+00
-1.338806692412329413e+00
-1.328653265409665662e+00
-1.316755499128841711e+00
-1.303128615610079866e+00
-1.287790049131723791e+00
-1.270759423904770813e+00
-1.252058528965589224e+00
-1.231711290298959760e+00
-1.209743740227089637e+00
-1.186183984103781563e+00
-1.161062164356348791e+00
-1.134410421921301815e+00
-1.106262855123129052e+00
-1.076655476048790305e+00
-1.045626164473741682e+00
-1.013214619398424166e+00
-9.794623082572423423e-01
-9.444124138649883093e-01
-9.081097791686183474e-01
-8.706008498750359426e-01
-8.319336150283115350e-01
-7.921575456123441938e-01
-7.513235312575232694e-01
-7.094838151323797915e-01
-6.666919271035008920e-01
-6.230026152492561531e-01
-5.784717758149228173e-01
-5.331563816988587057e-01
-4.871144095611858460e-01
-4.404047656482734663e-01
-3.930872104278949064e-01
-3.452222821314908652e-01
-2.968712193013698375e-01
-2.480958824419126907e-01
-1.989586748750548917e-01
-1.495224629012670559e-01
-9.985049536821882787e-02
-5.000632274999139426e-02
-5.371584040619924519e-05
4.994341583553621455e-02
9.992110578771060125e-02
1.498154123997903764e-01
1.995625007363656112e-01
2.490987242135541402e-01
2.983607060286537771e-01
3.472854202446170602e-01
3.958102724256455929e-01
4.438731797207041696e-01
4.914126502925211248e-01
5.383678619904458396e-01
5.846787401664943484e-01
6.302860345350554949e-01
6.751313949778865453e-01
7.191574461974498123e-01
7.623078611230433843e-01
8.045274329758439480e-01
8.457621459006285924e-01
8.859592440738357499e-01
9.250672991995378958e-01
9.630362763069605370e-01
9.998175977653919189e-01
1.035364205434551099e+00
1.069630620870930526e+00
1.102573003513055649e+00
1.134149206771245089e+00
1.164318831950087452e+00
1.193043279934663303e+00
1.220285800574378854e+00
1.246011539701220361e+00
1.270187583722294677e+00
1.292783001729579162e+00
1.313768885073029136e+00
1.333118384346393848e+00
1.350806743738435678e+00
1.366811332705590409e+00
1.381111674925560306e+00
1.393689474494785197e+00
1.404528639336279916e+00
1.413615301787888967e+00
1.420937836344617233e+00
1.426486874532340909e+00
1.430255316893858986e+00
1.432238342071965320e+00
1.432433412977906384e+00
1.430840280037341428e+00
1.427460981509648397e+00
1.422299840880169031e+00
1.415363461328726702e+00
1.406660717281497552e+00
1.396202743057042506e+00
1.384002918621022982e+00
1.370076852467829287e+00
1.354442361651027493e+00
1.337119448988155268e+00
1.318130277469063527e+00
1.297499141900512187e+00
1.275252437823310103e+00
1.251418627741788470e+00
1.226028204708770941e+00
1.199113653312668726e+00
1.170709408116597183e+00
1.140851809602679401e+00
1.109579057677919200e+00
1.076931162801124442e+00
1.042949894793387955e+00
1.007678729397648798e+00
9.711627926556964940e-01
9.334488031737477876e-01
8.945850123505385554e-01
8.546211426443101056e-01
8.136083239577434068e-01
7.715990282222051633e-01
7.286470022649785827e-01
6.848071990454063229e-01
6.401357073479058135e-01
5.946896800217861268e-01
5.485272608597179245e-01
5.017075102083753402e-01
4.542903294064482567e-01
4.063363841466649529e-01
3.579070268599169879e-01
3.090642182207702926e-01
2.598704478747662083e-01
2.103886544889783106e-01
1.606821452280756124e-01
1.108145147589436746e-01
6.084956388744985206e-02
1.085121793149765139e-02
-3.911655506523392667e-02
-8.898982617420027330e-02
-1.387047873728814718e-01
-1.881978331809631144e-01
-2.374056420373838183e-01
-2.862652573141573065e-01
-3.347141678632739592e-01
-3.826903879936684461e-01
-4.301325367759014640e-01
-4.769799165731311019e-01
-5.231725906978564877e-01
-5.686514600951011467e-01
-6.133583389539454256e-01
-6.572360291506310626e-01
-7.002283934280273403e-01
-7.422804272178091800e-01
-7.833383290134902088e-01
-8.233495692042339664e-01
-8.622629572814100030e-01
-9.000287073318860021e-01
-9.365985017342969288e-01
-9.719255529767572011e-01
-1.005964663516948354e+00
-1.038672283608010005e+00
-1.070006567016217769e+00
-1.099927424559192124e+00
-1.128396575396120038e+00
-1.155377596004395047e+00
-1.180835966779980817e+00
-1.204739116201907878e+00
-1.227056462504374501e+00
-1.247759452803165248e+00
-1.266821599626296813e+00
-1.284218514802171640e+00
-1.299927940661889991e+00
-1.313929778515777524e+00
-1.326206114367714628e+00
-1.336741241834358496e+00
-1.345521682239944061e+00
-1.352536201860941700e+00
-1.357775826298519783e+00
-1.361233851960419461e+00
-1.362905854637552761e+00
-1.362789695164347670e+00
-1.360885522155606209e+00
-1.357195771816364083e+00
-1.351725164825003045e+00
-1.344480700293598785e+00
-1.335471646813237712e+00
-1.324709530595747475e+00
-1.312208120727027305e+00
-1.297983411550836408e+00
-1.282053602205576848e+00
-1.264439073340258624e+00
-1.245162361039432675e+00
-1.224248127990453572e+00
-1.201723131929955057e+00
-1.177616191409917246e+00
-1.151958148927124226e+00
-1.124781831463165904e+00
-1.096122008485500121e+00
-1.066015347463280305e+00
-1.034500366954884454e+00
-1.001617387327140341e+00
-9.674084791693238206e-01
-9.319174094679104625e-01
-8.951895856109594041e-01
-8.572719972937455912e-01
-8.182131563999982538e-01
-7.780630349356481013e-01
-7.368730010944714026e-01
-6.946957535374657100e-01
-6.515852539700116575e-01
-6.075966581031021496e-01
-5.627862450869371980e-01
-5.172113455072046007e-01
-4.709302680361531213e-01
-4.240022248322766751e-01
-3.764872557840985845e-01
-3.284461516949420123e-01
-2.799403765069904404e-01
-2.310319886641099274e-01
-1.817835617140873550e-01
-1.322581042518274352e-01
-8.251897930596584219e-02
-3.262982327199228511e-02
1.734553550434944635e-02
6.734315838924408160e-02
1.172990782641120389e-01
1.671493813653357474e-01
2.168302890557378126e-01
2.662782394231637539e-01
3.154299686018104953e-01
3.642225917122108303e-01
4.125936833163421635e-01
4.604813572849463243e-01
5.078243459748312816e-01
5.545620786148940384e-01
6.006347588005506166e-01
6.459834409974603009e-01
6.905501059566219180e-01
7.342777349443906365e-01
7.771103826924198321e-01
8.189932489742294264e-01
8.598727487167835415e-01
8.996965805573987618e-01
9.384137937582869293e-01
9.759748533930838743e-01
1.012331703721996323e+00
1.047437829674462195e+00
1.081248316360690742e+00
1.113719906535910908e+00
1.144811055943824707e+00
1.174481986468469463e+00
1.202694737026461791e+00
1.229413212134531364e+00
1.254603228090192424e+00
1.278232556706489387e+00
1.300270966544838203e+00
1.320690261593226333e+00
1.339464317340278265e+00
1.356569114199043469e+00
1.371982768237730799e+00
1.385685559178077675e+00
1.397659955625542239e+00
1.407890637499022546e+00
1.416364515631418630e+00
1.423070748515952166e+00
1.428000756176828645e+00
1.431148231146483374e+00
1.432509146535376310e+00
1.432081761184007984e+00
1.429866621890563128e+00
1.425866562711336050e+00
1.420086701334831281e+00
1.412534432534174433e+00
1.403219418706216359e+00
1.392153577509432250e+00
1.379351066616432142e+00
1.364828265600587454e+00
1.348603754979951885e+00
1.330698292445292141e+00
1.311134786302624811e+00
1.289938266164261771e+00
1.267135850925841245e+00
1.242756714070329727e+00
1.216832046343369500e+00
1.189395015847742432e+00
1.160480725607990538e+00
1.130126168659500552e+00
1.098370180719486999e+00
1.065253390500455533e+00
1.030818167729703916e+00
9.951085689413470270e-01
9.581702811102531525e-01
9.200505631999782441e-01
8.807981856995051873e-01
8.404633682261123395e-01
7.990977152742402279e-01
7.567541501925424408e-01
7.134868474735729382e-01
6.693511634427732337e-01
6.244035654354103126e-01
5.787015595520953459e-01
5.323036170852816218e-01
4.852690997109141979e-01
4.376581835409087962e-01
3.895317821336496400e-01
3.409514685609749685e-01
2.919793966313983247e-01
2.426782213703354563e-01
1.931110188590490773e-01
1.433412055349191361e-01
9.343245705624461661e-02
4.344862683541309001e-02
-6.546335655374412206e-03
-5.648846670125506203e-02
-1.063138701800781377e-01
-1.559587993113228654e-01
-2.053597382139233096e-01
-2.544534831686948162e-01
-3.031772234813642219e-01
-3.514686218427879871e-01
-3.992658940834948322e-01
-4.465078882205548161e-01
-4.931341626956143309e-01
-5.390850637040218718e-01
-5.843018015161125511e-01
-6.287265256929438495e-01
-6.723023991003684863e-01
-7.149736706266146546e-01
-7.566857465104533942e-01
-7.973852601886247671e-01
-8.370201405731997335e-01
-8.755396786714887414e-01
-9.128945924632820841e-01
-9.490370899524355197e-01
-9.839209303120953765e-01
-1.017501483045374355e+00
-1.049735785085728068e+00
-1.080582595764065568e+00
-1.110002449572172312e+00
-1.137957706655018386e+00
-1.164412600967305034e+00
-1.189333286032664638e+00
-1.212687878246945239e+00
-1.234446497670190990e+00
-1.254581306255140305e+00
-1.273066543463308609e+00
-1.289878559223110788e+00
-1.304995844187824883e+00
-1.318399057254734386e+00
-1.330071050310183800e+00
-1.339996890168936972e+00
-1.348163877679743994e+00
-1.354561563972668914e+00
-1.359181763827411960e+00
-1.362018566145507537e+00
-1.363068341512998716e+00
-1.362329746843923939e+00
-1.359803727098664261e+00
-1.355493514074958439e+00
-1.349404622273131515e+00
-1.341544841840822011e+00
-1.331924228606247373e+00
-1.320555091212739285e+00
-1.307451975371031860e+00
-1.292631645249430639e+00
-1.276113062025676648e+00
-1.257917359627964693e+00
-1.238067817696123507e+00
-1.216589831797564303e+00
-1.193510880936121232e+00
-1.168860492395322082e+00
-1.142670203961078323e+00
-1.114973523572159841e+00
-1.085805886450007529e+00
-1.055204609762819601e+00
-1.023208844881837942e+00
-9.898595272909483933e-01
-9.551993242137116757e-01
-9.192725800247711909e-01
-8.821252595155081311e-01
-8.438048890865605944e-01
-8.043604959423856782e-01
-7.638425453656839670e-01
-7.223028761519846297e-01
-6.797946342868900205e-01
-6.363722049509635825e-01
-5.920911429391413350e-01
-5.470081015837373606e-01
-5.011807602720151911e-01
-4.546677506509829714e-01
-4.075285816138615735e-01
-3.598235631642454635e-01
-3.116137292552762506e-01
-2.629607597025944155e-01
-2.139269012710141304e-01
-1.645748880357993660e-01
-1.149678611204721645e-01
-6.516928791389199616e-02
-1.524288086983611318e-02
3.474748400688291300e-02
